8,433,137
7,920,630
6,265,950
3,947,726
3,732,883
826,530
782,031
485,664
485,436
419,393
416,324
252,044
213,129
136,597
81,733
73,871
69,417
60,840
60,421
56,617
56,339
47,848
45,508
44,766
39,792
35,533
33,748
31,307
29,607
27,799
26,617
26,598
23,059
22,662
21,463
17,867
17,683
17,664
17,112
16,839
15,365
13,457
12,946
12,576
12,268
11,839
11,043
9,757
9,685
9,561
9,074
8,095
6,799
6,398
5,942
5,447
5,334
5,321
4,786
4,624
4,568
4,237
3,535
3,254
2,951
2,536
2,353
2,343
1,595
1,079
905
791
610
562
446
198
183
0
0
0
0